start=816.394223
volume=130.000000
